1011010
0110110
1101001
1101001
1011010
1110100
1101001
0110110
1010110
1011100
1011010
0101110
1001110
0110110
0101101
1011010
0011110
0011110
0110110
1010101
1001011
1011010
1001011
1011100
1000111
1010101
0110110
1010110
1011100
1011010
1101001
0110110
1010110
1011010
1100101
1010011
1011100
0110110
0101110
1011010
1011001
1011100
0011011
0110110
1010101
1011010
0011101
0110110
0101110
1011010
1100101
1001101
1110100
0101011
1011100
0110110
1101001
0101110
0101110
1110001
0101110
0101110
0011011
